Молоко овечье	5,6	7,7	4,8	109	100	
Молоко коровье цельное	2,8	3,5	4,5	62	100	
Молоко коровье обезжиренное	2,9	0,5	4,6	35	100	
Cухое молоко (коровье)	22,8	24,4	36,3	469	100	
Козье молоко	3	4,2	4,5	67	100	
Кумыс	1,6	1,4	3,7	35	100	
Кефир 3,2%	2,9	3,5	4	59	100	
Кефир 2,5%	2,9	2,5	2,5	48	100	
Кефир 1%	3	1	4	40	100	
Кефир 0,5% (нежирный)	3	0,5	4	31	100	
Йогурт 6% (жирности)	5	6	8,5	112	100	
Йогурт 3,2% (жирности)	5	3,2	8,5	87	100	
Йогурт 1,5% (жирности)	4,1	1,5	5,9	52	100	
Молоко сгущеное (сгущенка)	6,8	8,3	63,5	324	100	
Сливки 10% (жирности)	2,6	10	4,2	115	100	
Сливки 35% (жирности)	2,0	35	3,0	326	100	
Сметана 15% (жирности)	2,6	15	3,6	162	100	
Сметана 20% (жирности)	2,5	20	3,4	206	100	
Сметана 30% (жирности)	2,3	30	3,1	293	100	
Творог 0,5% (нежирный)	20	0,5	3,4	86	100	
Творог 10% (жирности)	18	10	3	170	100	
Творог 20% (жирности)	13,2	20	2,4	253	100	
Сулугуни	20,5	22	0,4	286	100	
Сыр голландский	23,7	30,4	0	375	100	
Сыр костромской	25,6	26,1	0	343	100	
Сыр эстонский	26	26,5	3,5	355	100	
Сыр чеддер	23,5	30,8	0	380	100	
Брынза овечья	21,1	18,8	0,3	260	100	
Сыр плавленый	22	27	0	331	100	
Ряжанка 1% (жирности)	3	1	4,2	40	100	
Ряжанка 2,5% (жирности)	2,9	2,5	4,1	53	100	
Ряжанка 4% (жирности)	2,8	4	4,2	67	100	
Ряжанка 6% (жирности)	3	6	4	85	100	
Масло сливочное	0,8	78,2	0,6	733	100	
Масло сливочное шоколадное	1,2	59	19	631	100	
Мороженое пломбир	3,7	15	20	232	100	
Мороженое пломбир шоколадный	3,6	15	20,4	231	100	
Морская капуста	0,9	0,2	3	5	100	
Кальмары	18	0,3	0	75	100	
Креветки	18	0,8	0	83	100	
Крабы	16	0,5	0	69	100	
Мидии	11	2	3,3	77	100	
Бычки	12,8	8,1	5,2	144	100	
Камбала	16,1	2,6	0	87	100	
Горбуша	21	7	0	147	100	
Кета	22	5,6	0	138	100	
Минтай	15,9	0,7	0	69	100	
Мойва	13,4	11,5	0	157	100	
Морской окунь	17,6	5,2	0	117	100	
Тунец	23	1	0	101	100	
Треска	17,5	0,6	0	75	100	
Путассу	16,1	0,9	0	72	100	
Салака	17,3	5,6	0	121	100	
Сайра мелкая	20,4	0,8	0	143	100	
Сайра крупная	18,6	20,8	0	262	100	
Салака	17,3	5,6	0	121	100	
Сельдь	17,7	19,5	0	242	100	
Скумбрия	18	9	0	153	100	
Ставрида	18,5	5	0	119	100	
Ледяная	15,5	1,4	0	74	100	
Печень трески	4,0	66	0	610	100	
Рыба-сабля	20,3	3,2	0	110	100	
Семга	20,8	15,1	0	219	100	
Угорь морской	19,1	1,9	0	93	100	
Шпроты	17,4	32,4	0,4	231	100	
Сардина	17,9	19,7	0	249	100	
Аргентина	17,6	2	0	88	100	
Сайда	19,1	0,5	0	81	100	
Килька балтийская	14,1	9	0	137	100	
Килька каспийская	18,5	13,1	0	192	100	
Хек	16,6	2,2	0	86	100	
Макрурус	13,2	0,8	0	60	100	
Минога	14,7	11,9	0	166	100	
Устрица	9	2	4,5	72	100	
Икра минтаевая пробойная	28,4	1,9	0	130	100	
Икра кеты зернистая	31,6	13,8	0	250	100	
Икра горбуши зернистая	30,6	11,5	1	230	100	
Икра севрюжья зернистая	28,2	11,7	0,7	221	100	
Икра белужья зернистая	26,8	13,8	0,8	235	100	
Карп	16	3,6	0	96	100	
Карась	17,7	1,8	0	87	100	
Окунь речной	18,5	0,9	0	82	100	
Осетр	16,4	10,9	0	164	100	
Сазан	18,4	5,3	0	121	100	
Лещ	17,1	4,1	0	105	100	
Щука	18,8	0,7	0	82	100	
Судак	19	0,8	0	83	100	
Сом	16,8	8,5	0	144	100	
Стерлядь	17	6,1	0	320	100	
Налим	18,8	0,6	0	81	100	
Корюшка	15,5	3,2	0	91	100	
Язь	18,2	0,3	0	117	100	
Икра лещевая пробойная	24,7	4,8	0	142	100	
Икра осетровая зернистая	28,9	9,7	0	203	100	
Икра осетровая паюсная	38,2	14,5	1,5	289	100	
Икра осетровая пробойная	36	10,2	0	123	100	
Козлятина	18	16	0	216	100	
Лося	21	1,7	0	208	100	
Ягнятина	16	14	0	191	100	
Сайгака	21	13	0	208	100	
Буйволятина	19	13,2	0	194	100	
Баранина	16,3	15,3	0	203	100	
Говядина жирная	18,9	12,4	0	187	100	
Говядина не жирная	20,2	7	0	144	100	
Телятина	19,7	1,2	0	90	100	
Свинина жирная	11,4	49,3	0	489	100	
Свинина нежирная	16,4	27,8	0	316	100	
Оленина	19,5	8,5	0	155	100	
Конина	20,2	7	0	143	100	
Кролик	20,7	12,9	0	199	100	
Печень баранья	18,7	2,9	0	101	100	
Печень говяжья	17,4	3,1	0	98	100	
Печень свинная	18,8	3,6	0	108	100	
Почки бараньи	13,6	2,5	0	77	100	
Почки говяжьи	12,5	1,8	0	66	100	
Почки свинные	13	3,1	0	80	100	
Сердце баранье	96	2,5	0	76	100	
Сердце говяжье	16	3,5	0	96	100	
Сердце свинное	15,1	3,2	0	89	100	
Язык бараний	12,6	16,1	0	195	100	
Язык говяжий	13,6	12,1	0	163	100	
Язык свиной	14,2	16,8	0	208	100	
Язык телячий	13,6	12,1	0	163	100	
Легкиее бараньи	15,6	2,3	0	83	100	
Легкие говяжьи	15,2	4,7	0	103	100	
Легкие свинные	14,8	3,6	0	92	100	
Мозги бараньи	9,7	9,4	0	123	100	
Мозги говяжьи	11,7	8,6	0	127	100	
Мозги свинные	10,5	8,6	0	119	100	
Московская (копченая)	24,8	41,5	0	473	100	
Любительская (копченая)	21	47	0	514	100	
Столичная (копченая)	24	43	0	486	100	
Брауншвейгская (копченая)	27	42	0,2	491	100	
Дорожная (копченая)	17	47	0,4	498	100	
Одесская (копченая)	14,8	38,1	0,3	402	100	
Краковская (полукопченая)	16,2	44	0	466	100	
Полтавская (полукопченая)	16,4	39	0	417	100	
Укринская (полукопченая)	16,5	34	0	376	100	
Минская (полукопченая)	23	17	2,7	259	100	
Таллинская (полукопченая)	17	34	0,2	373	100	
Говяжья (вареная)	15	11,6	0,2	165	100	
Русская (вареная)	11,5	28	1,7	301	100	
Диетическая (вареная)	12	13	0	170	100	
Докторская (вареная)	12,7	22,2	1,5	257	100	
Любительская (вареная)	12	28	0,1	300	100	
Свиная (вареная)	10,7	25,7	0,5	277	100	
Молочная (вареная)	11,7	23	0,2	252	100	
Чайная (вареная)	11	18	1,7	216	100	
Охотничьи колбаски	25	40	0,3	463	100	
Сардельки говяжьи	11,4	18	1,3	215	100	
Сардельки свиные	10,1	31	1,8	322	100	
Сосиски говяжьи	10,4	20	0,8	226	100	
Сосиски свиные	11,8	30,8	0	324	100	
Сосиски русские	11	22	1,7	250	100	
Сосиски молочные	11	23	0,4	260	100	
Сосиски столичные	12	20	0,5	234	100	
Буженина	15	50	0	510	100	
Грудинка свинная (копченая)	8,5	63	0	605	100	
Корейка свинная (копченая)	10	47	0	469	100	
Мясной хлеб ветчинный	13	22	1,9	256	100	
Мясной хлеб говяжий	10,5	24	1,4	263	100	
Окорок (копчёный)	15	50	0	510	100	
Консерва баранина тушеная	17	13,4	0,2	191	100	
Консерва говядина тушеная	16,8	17	0,2	220	100	
Консерва гуляш бараний	14,2	15	3,9	213	100	
Консерва гуляш говяжий	16,7	14,3	3,9	212	100	
Консерва гуляш свиной	13	29	3,9	333	100	
Консерва оленина тушеная	19	10	0	170	100	
Консерва Паштет (говяжий)	16	23	0,4	275	100	
Консерва Паштет (печеночный)	11	28	3,4	301	100	
Цыплята (бройлеры)	17,6	12,3	0,4	159	100	
Курица 1 категории	18,2	18,4	0	238	100	
Курица 2 категории	21,2	8,2	0	159	100	
Филе курицы (грудки)	18,2	18,4	0,7	241	100	
Фазан	18	20	0,5	253	100	
Индейка	21,6	12	0,8	197	100	
Утки	16,5	61,2	0	346	100	
Гуси	16,1	16,1	0	364	100	
Цыплята	18,7	7,8	0,4	156	100	
Печень куриная	20,4	5,9	1,4	139	100	
Печень индейки	19,5	22	0	276	100	
Печень утиная	15,8	38	0	405	100	
Печень гусиная	15,2	39	0	411	100	
Сердце куриное	15,8	10,3	0,8	158	100	
куриное	12,7	11,5	0,7	157	100	
Белок (куриного яйца)	11	0	0	44	100	
Желток (куриного яйца)	16	0	0,7	64	100	
Перепелиное	11,9	13,1	0,6	168	100	
Яблоко	0,3	0,4	11,5	48	100	
Груша	0,4	0,3	10,7	42	100	
Слива садовая	0,8	0,3	9,9	43	100	
Виноград	0,4	0,1	17,5	69	100	
Персик	0,9	0,1	9,5	45	100	
Абрикос	0,9	0,1	9	44	100	
Айва	0,6	0,5	9,6	48	100	
Вишня	0,8	0,2	10,6	52	100	
Черешня	1,1	0,4	10,6	52	100	
Апельсин	0,9	0,2	8,1	43	100	
Грейпфрут	0,7	0,2	6,5	35	100	
Мандарин	0,8	0,2	7,5	38	100	
Лимон	0,9	0,1	3	34	100	
Ананас	0,3	0,1	11,8	52	100	
Банан	1,5	0,5	21	96	100	
Киви	0,8	0,4	8,1	47	100	
Хурма	0,5	0,4	15,3	67	100	
Инжир	0,7	0,2	12	54	100	
Гранат	0,7	0,6	14,5	72	100	
Алыча	0,2	0,1	7,9	34	100	
Шелковица	0,7	0,1	12,7	53	100	
Финики	2,5	0,5	69	292	100	
Арбуз	0,6	0,1	5,8	27	100	
Дыня	0,6	0,3	7,4	35	100	
Авокадо	1,2	0,1	6	28	100	
Курага	5,2	0,5	65,9	272	100	
Изюм кишмиш	2,3	0,5	71,2	279	100	
Чернослив	2,3	0,7	57	256	100	
финики	2,5	0,5	69	292	100	
инжир	3,1	0,8	58	257	100	
Яблоки сушеные	2,2	0,5	59	253	100	
Ежевика	1,5	0,5	4,4	34	100	
Голубика	1	0,5	6,6	39	100	
Земляника	1,8	0,5	8,1	41	100	
Брусника	0,7	0,5	8,2	46	100	
Клюква	0,5	0,2	3,7	28	100	
Малина	0,8	0,5	8,3	46	100	
Крыжовник	0,7	0,2	9,1	45	100	
Смородина белая	0,3	0,1	8,7	39	100	
Смородина черная	1	0,4	7,3	44	100	
Смородина красная	0,6	0,2	7,7	43	100	
Черника	1,1	0,1	8,6	40	100	
Шиповник свежий	1,6	0,2	60	101	100	
Горошек зеленый	5,0	0,2	13,3	72	100	
Помидор (грунтовый)	1,1	0,2	3,8	24	100	
Помидор (парниковый)	0,6	0,2	2,9	15	100	
Свекла	1,5	0,1	8,8	42	100	
Морковь (красная)	1,3	0,1	7,2	35	100	
Морковь (желтая)	1,3	0,1	6,9	33	100	
Огурец (грунтовый)	0,8	0,1	2,5	14	100	
Огурец (парниковый)	0,7	0,1	1,9	11	100	
Картофель	2	0,4	16,3	77	100	
Редис	1,2	0,1	3,4	20	100	
Капуста цветная	2,5	0,3	4,2	30	100	
Капуста пекинская	1,2	0,2	3,2	16	100	
Капуста брюссельская	4,8	0,3	3,1	35	100	
Кабачок	0,6	0,3	4,6	24	100	
Баклажан	1,2	0,1	4,5	24	100	
Патиссон	0,6	0,1	4,3	19	100	
Перец зеленый сладкий	1,3	0,1	4,7	23	100	
Перец красный сладкий	1,3	0	5,7	26	100	
Лук репчатый	1,4	0,2	8,2	41	100	
Лук зеленый (перо)	1,3	0	4,3	22	100	
Лук порей	3	0,1	7,3	40	100	
Редька	1,9	0,1	7	34	100	
Репа	1,5	0,1	6,2	32	100	
Чеснок	6,5	0	21,2	106	100	
Брюква	1,2	0,1	7,7	37	100	
Петрушка	3,7	0,4	7,6	49	100	
Укроп	2,5	0,5	6,3	40	100	
Салат	1,5	0,2	2	16	100	
Шпинат	2,9	0,3	2	23	100	
Щавель	1,5	0,3	2,9	22	100	
Спаржа	1,9	0,1	3,1	21	100	
Арахис	26	45	10	552	100	
Кедровый	23	60	20	674	100	
Грецкий	16	60	11	656	100	
Кешью	18	48	22	600	100	
Фундук	15	61	10	651	100	
Фисташки	20	50	7	556	100	
Миндаль	18,7	57,7	13,6	645	100	
Лещина	13	62,6	9,3	653	100	
Мускатный	20	50	7	556	100	
Подсолнечника	20,7	52,9	5	578	100	
Кунжута	19,4	48,7	12,2	565	100	
Мака	17,5	47,5	14,5	556	100	
Бобы	6	0,1	8,3	58	100	
Горох лущеный (сухой)	23	1,6	57	323	100	
Горошек зеленый	5	0,2	8,3	55	100	
Соя	35	17	27	395	100	
Фасоль	22	1,7	54	309	100	
Чечевица	24	1,1	53	310	100	
Греченая (ядрица)	12,6	2,3	65	324	100	
Рисовая	7	0,6	77	323	100	
Пшено	12	2,9	69	334	100	
Овсяная	11,9	5,8	65,4	345	100	
Манная	11,3	0,7	73	326	100	
Перловая	9,3	1,1	73	324	100	
Кукурузная	8,3	1,2	75	325	100	
Пшеничная	12,7	1,1	70	325	100	
Толокно	12,5	6	64	363	100	
Ячневая	10	1,3	65	313	100	
Хлеб ржаной	4,7	0,7	49,8	214	100	
Хлеб пшеничный	7,7	2,4	53,4	266	100	
Хлеб с отрюбами	15,6	4,3	64,5	216	100	
Сушки	11	1,3	73	330	100	
Сухари сливочные	8,5	10,6	71	397	100	
Сухари пшеничные	11,2	1,4	72	312	100	
Баранки	10,4	1,3	68	312	100	
Макарон	11,2	1,6	68	333	100	
Бублики простые	9,1	1,1	57	276	100	
Булочка сдобная	7,9	7,9	7,9	339	100	
Крекеры с отрубями	9,2	14	63	416	100	
Соломка сладкая	9	6,1	69	372	100	
Хлебцы докторские	8,2	2,6	46	242	100	
Хлеб формовой	6,6	1,2	33	174	100	
Вафли шоколадные	3,9	30,6	62,5	542	100	
Вафли лимонные	2,8	3,2	77	354	100	
Вафли ванильные	3,2	2,8	81	342	100	
Шоколад молочный	6,9	35,2	52,4	547	100	
Шоколад черный	5,4	35,3	52,6	540	100	
Шоколад молочный ореховый	7,5	34	51	542	100	
Шоколад молочный с изюмом	8	30	48	500	100	
Ирис	3,3	7,5	81,8	387	100	
Халва (подсолнечная)	11,6	29,7	54	516	100	
Халва (арахисовая)	12	30	47	502	100	
Халва (тахинная)	12,7	29,9	50,6	510	100	
Мармелад	0	0,1	77,7	296	100	
Заварные трубочки с кремом	5,9	10,2	55	322	100	
Драже ореховое	11,9	38,3	41,4	547	100	
Драже сахарное	0	0	97,7	393	100	
Карамель	0	0,1	77,7	296	100	
Конфеты шоколадные	4	26	59	491	100	
Конфеты молочные	2,7	4,3	82	358	100	
Конфеты помадные	3,7	16	71	445	100	
Крекер	9,2	14,1	67,7	417	100	
Лукум	0,8	0,7	79	316	100	
Печенье здобное	6,4	16,8	68	451	100	
Печенье миндальное	7,6	13,6	67,4	422	100	
Печенье песочное с вареньем	5	18,5	63,3	424	100	
Печенье сахарное	7,5	9,8	74	417	100	
Кукурузные палочки	4,3	24,3	65,4	496	100	
Пирожное заварное	4,4	24,5	49	433	100	
Пирожное воздушное	2,6	21	60,5	440	100	
Пирожное бисквитное	4,7	9,3	64,4	344	100	
Пирожное крошковое	5,9	19,4	47,5	388	100	
Пирожное миндальное	8,5	16	63	433	100	
Пирожное слоеное с кремом	5,4	38	46	544	100	
Пирожное слоеное с яблоком	5,7	25,6	52,7	454	100	
Торт слоеный	8,5	37,7	42,2	542	100	
Торт бисквитный ореховый	5,6	12	58,8	349	100	
Торт бисквитный шоколадный	4,4	12,4	53	330	100	
Торт бисквитный фруктовый	3,9	2,6	61,3	285	100	
Сахар-песок	0,3	0	99,5	374	100	
Мед	0,8	0	80	328	100	
Зефир	0,8	0	78	299	100	
Зефир в шоколаде	2,2	12,3	68	396	100	
Пряники	4,8	2,8	77,7	335	100	
Морковный сок	0,5	0,1	11	51	100	
Яблочный сок	0,5	0,2	16	67	100	
Апельсиновый сок	0,7	0,1	13	60	100	
Лимонный сок	0,6	0	4	33	100	
Мандариновый сок	0,3	0	9,8	45	100	
Вишневый сок	0,7	0,2	11	51	100	
Гранатовый сок	0,3	0,1	14	56	100	
Грушевый сок	0,4	0,3	11	45	100	
Персиковый сок	0,3	0	16	68	100	
Томатный сок	1	0,1	15	18	100	
Сливовый сок	0,3	0,1	15	68	100	
Черносмородиновый сок	0,5	0	7	41	100	
Шиповниковый сок	0,1	0,2	16	67	100	
Виноградный сок	0,3	0,2	16	70	100	
Вино крепкое	0,4	0	12	163	100	
Вино ликерное	0,5	0	30	212	100	
Вино десертное	0,5	0	20	172	100	
Коньяк	0	0	1,5	240	100	
Шампанское	0,2	0	5	88	100	
Пиво светлое 11 об	0,3	0	4,6	42	100	
Пиво темное 13 об	0,3	0	5,7	48	100	
Вино сухое	0,2	0	0,3	64	100	
Корица	4	1,2	80	247	100	
Перец красный	12	17,2	56	318	100	
Перец черный	11	3,2	65	255	100	
Шафран	11,5	6	65	310	100	
Цедра	0,9	0,1	3	16	100	
Тмин	19,8	15	50	333	100	
Маннит	0	0	98	370	100	
Лавровый лист	7,6	8,4	75	313	100	
Кармадон	10,6	6,7	68	311	100	
Майонез «Провансаль»	2,8	67	3,7	629	100	
Майонез столовый молочный	2,4	67	3,9	627	100	
Горчица столовая	5	40	10	417	100	
Лимонная кислота	0	0	0	0	100	
Рассол соли	0	0	0	0	100	
Сметанно-чесночная	2,3	20	2,6	204	100	
Томатно-чесночная	0,6	0	0,5	4	100	
Уксус 9%	0	0	3	11	100	
Томатный	1,7	7,8	4,5	80	100	
Белый основной	1	3,8	4	56	100	
Грибной	1,2	4,8	6,2	82	100	
Соевый	6	0	6,5	50	100	
Красный основной	1,1	6,2	2	48	100	
Луковый	1,3	6	4,8	75	100	
С хреном	0,7	4,2	0,1	27	100	
Молочный	2	7,1	5,1	84	100	
Белый	3,7	1,7	1,1	34	100	
Белый сушеный	30	14,3	9	286	100	
Подберезовик	2,1	0,8	1,2	20	100	
Подберезовик сушеный	24	9	37	318	100	
Подосиновик	3,3	0,5	1,2	22	100	
Подосиновик сушеный	35	5,4	33	314	100	
Опята	2,2	1,2	0,5	22	100	
Рыжик	1,9	0,8	2	22	100	
Лисички	1,5	1	1	19	100	
Маслята	0,9	1,2	0,4	19	100	
Груздь	1,8	0,8	1,1	18	100	
Сыроежка	2,9	0,4	2	19	100	
Шампиньони	4,3	1	0,1	27	100	
Сморчок	2,9	0,4	2	22	100	
Трюфель	3	0,5	2	24	100	
Чернушка	1,5	0,3	0,1	9	100	